00 00 00 00 00 00
00 00 00 00 00 00
00 00 00 00 00 00
00 00 00 00 00 00
00 00 00 00 00 00
00 00 00 02 1C 1E
00 00 00 49 30 79
00 00 00 4B 4E 05
00 00 00 30 31 01
00 00 00 32 34 06
00 00 00 30 37 07
00 00 00 30 38 08
00 00 00 30 33 03
00 00 00 45 4E 0B
00 00 00 03 00 03
00 00 00 00 00 00
00 00 00 00 00 00
00 00 00 00 00 00
00 00 00 00 00 00
00 00 00 00 00 00
00 00 00 00 00 00
00 00 00 00 00 00
00 00 00 00 00 00
00 00 00 00 00 00
00 00 00 00 00 00
00 00 00 00 00 00
00 00 00 00 00 00
00 00 00 00 00 00
00 00 00 00 00 00
00 00 00 00 00 00
00 00 00 00 00 00
00 00 00 00 00 00
00 00 00 00 00 00
00 00 00 00 00 00
00 00 00 00 00 00
00 00 00 00 00 00
00 00 00 00 00 00
00 00 00 00 00 00
00 00 00 02 1C 1E
00 00 00 49 31 78
00 00 00 30 30 00
00 00 00 03 00 03
00 00 00 00 00 00
00 00 00 00 00 00
00 00 00 00 00 00
00 00 00 00 00 00
00 00 00 00 00 00
00 00 00 02 1C 1E
00 00 00 49 37 7E
00 00 00 32 30 02
00 00 00 30 33 03
00 00 00 30 30 00
00 00 00 03 00 03
00 00 00 00 00 00
00 00 00 00 00 00
00 00 00 00 00 00
00 00 00 00 00 00
00 00 00 00 00 00
00 00 00 00 00 00
00 00 00 00 00 00
00 00 00 00 00 00
00 00 00 00 00 00
00 00 00 00 00 00
00 00 00 00 00 00
00 00 00 00 00 00
00 00 00 00 00 00
00 00 00 00 00 00
00 00 00 00 00 00
00 00 00 00 00 00
00 00 00 00 00 00
00 00 00 00 00 00
00 00 00 00 00 00
00 00 00 00 00 00
00 00 00 00 00 00
00 00 00 00 00 00
00 00 00 00 00 00
00 00 00 00 00 00
09 00 04 00 00 0D
05 00 00 00 00 05
05 00 00 00 00 05
05 00 00 00 00 05
05 00 00 00 00 05
05 00 00 00 00 05
05 00 00 00 00 05
05 00 00 00 00 05
05 00 00 00 00 05
05 00 00 00 00 05
05 00 00 00 00 05
05 00 00 00 00 05
05 00 00 00 00 05
05 00 00 00 00 05
05 00 00 00 00 05
05 00 00 00 00 05
05 00 00 00 00 05
05 00 00 00 00 05
05 00 00 00 00 05
05 00 00 00 00 05
05 00 00 00 00 05
05 00 00 00 00 05
05 00 00 00 00 05
05 00 00 00 00 05
05 00 00 00 00 05
05 00 00 00 00 05
05 00 00 00 00 05
05 00 00 00 00 05
05 00 00 00 00 05
05 00 00 00 00 05
05 00 00 00 00 05
05 00 00 00 00 05
05 00 00 00 00 05
05 00 00 00 00 05
05 00 00 00 00 05
05 00 00 00 00 05
05 00 00 00 00 05
05 00 00 00 00 05
05 00 00 00 00 05
05 00 00 00 00 05
05 00 00 00 00 05
05 00 00 00 00 05
05 00 00 00 00 05
05 00 00 00 00 05
05 00 00 00 00 05
05 00 00 00 00 05
05 00 00 00 00 05
05 00 00 00 00 05
05 00 00 00 00 05
05 00 00 00 00 05
05 00 00 00 00 05
05 00 00 00 00 05
05 00 00 00 00 05
05 00 00 00 00 05
05 00 00 00 00 05
05 00 00 00 00 05
05 00 00 00 00 05
05 00 00 00 00 05
05 00 00 00 00 05
05 00 00 00 00 05
05 00 00 00 00 05
05 00 00 00 00 05
05 00 00 00 00 05
05 00 00 00 00 05
05 00 00 00 00 05
05 00 00 00 00 05
05 00 00 00 00 05
05 00 00 00 00 05
05 00 00 00 00 05
05 00 00 00 00 05
05 00 00 00 00 05
05 00 00 00 00 05
05 00 00 00 00 05
05 00 00 00 00 05
05 00 00 00 00 05
05 00 00 00 00 05
05 00 00 00 00 05
05 00 00 00 00 05
05 00 00 00 00 05
0D 00 80 00 00 8D
05 0B AE 00 00 A0
05 0B A4 00 00 AA
05 0B 9A 00 00 94
05 0B 90 00 00 9E
05 0B 86 00 00 88
05 0B 7C 00 00 72
05 0B 72 00 00 7C
05 0B 68 00 00 66
05 0B 5E 00 00 50
05 0B 54 00 00 5A
05 0B 4A 00 00 44
05 0B 40 00 00 4E
05 0B 36 00 00 38
05 0B 2C 00 00 22
05 0B 22 00 00 2C
05 0B 18 00 00 16
05 0B 0E 00 00 00
05 0B 04 00 00 0A
05 0A FA 00 00 F5
05 0A F0 00 00 FF
05 0A E6 00 00 E9
05 0A DC 00 00 D3
05 0A D2 00 00 DD
05 0A C8 00 00 C7
05 0A BE 00 00 B1
05 0A B4 00 00 BB
05 0A AA 00 00 A5
05 0A A0 00 00 AF
05 0A 96 00 00 99
05 0A 8C 00 00 83
05 0A 82 00 00 8D
05 0A 78 00 00 77
05 0A 6E 00 00 61
05 0A 64 00 00 6B
05 0A 5A 00 00 55
05 0A 50 00 00 5F
05 0A 46 00 00 49
05 0A 3C 00 00 33
05 0A 32 00 00 3D
05 0A 28 00 00 27
05 0A 1E 00 00 11
05 0A 14 00 00 1B
05 0A 0A 00 00 05
05 0A 00 00 00 0F
05 09 F6 00 00 FA
05 09 EC 00 00 E0
05 09 E2 00 00 EE
05 09 D8 00 00 D4
05 09 CE 00 00 C2
05 09 C4 00 00 C8
05 09 BA 00 00 B6
05 09 B0 00 00 BC
05 09 A6 00 00 AA
05 09 9C 00 00 90
05 09 92 00 00 9E
05 09 88 00 00 84
05 09 7E 00 00 72
05 09 74 00 00 78
05 09 6A 00 00 66
05 09 60 00 00 6C
05 09 56 00 00 5A
05 09 4C 00 00 40
05 09 42 00 00 4E
05 09 38 00 00 34
05 09 2E 00 00 22
05 09 24 00 00 28
05 09 1A 00 00 16
05 09 10 00 00 1C
05 09 06 00 00 0A
05 08 FC 00 00 F1
05 08 F2 00 00 FF
05 08 E8 00 00 E5
05 08 DE 00 00 D3
05 08 D4 00 00 D9
05 08 CA 00 00 C7
05 08 C0 00 00 CD
05 08 B6 00 00 BB
05 08 AC 00 00 A1
05 08 A2 00 00 AF
05 08 98 00 00 95
05 08 8E 00 00 83
05 08 84 00 00 89
05 08 7A 00 00 77
05 08 70 00 00 7D
05 08 66 00 00 6B
05 08 5C 00 00 51
05 08 52 00 00 5F
05 08 48 00 00 45
05 08 3E 00 00 33
05 08 34 00 00 39
05 08 2A 00 00 27
05 08 20 00 00 2D
05 08 16 00 00 1B
05 08 0C 00 00 01
05 08 02 00 00 0F
05 07 F8 00 00 FA
05 07 EE 00 00 EC
05 07 E4 00 00 E6
05 07 DA 00 00 D8
05 07 D0 00 00 D2
05 07 C6 00 00 C4
05 07 BC 00 00 BE
05 07 B2 00 00 B0
05 07 A8 00 00 AA
05 07 9E 00 00 9C
05 07 94 00 00 96
05 07 8A 00 00 88
05 07 80 00 00 82
05 07 76 00 00 74
05 07 6C 00 00 6E
05 07 62 00 00 60
05 07 58 00 00 5A
05 07 4E 00 00 4C
05 07 44 00 00 46
05 07 3A 00 00 38
05 07 30 00 00 32
05 07 26 00 00 24
05 07 1C 00 00 1E
05 07 12 00 00 10
05 07 08 00 00 0A
05 06 FE 00 00 FD
05 06 F4 00 00 F7
05 06 EA 00 00 E9
05 06 E0 00 00 E3
05 06 D6 00 00 D5
05 06 CC 00 00 CF
05 06 C2 00 00 C1
05 06 B8 00 00 BB
05 06 AE 00 00 AD
05 06 A4 00 00 A7
05 06 9A 00 00 99
05 06 90 00 00 93
05 06 86 00 00 85
05 06 7C 00 00 7F
05 06 72 00 00 71
05 06 68 00 00 6B
05 06 5E 00 00 5D
05 06 54 00 00 57
05 06 4A 00 00 49
05 06 40 00 00 43
05 06 36 00 00 35
05 06 2C 00 00 2F
05 06 22 00 00 21
05 06 18 00 00 1B
05 06 0E 00 00 0D
05 06 04 00 00 07
05 05 FA 00 00 FA
05 05 F0 00 00 F0
05 05 E6 00 00 E6
05 05 DC 00 00 DC
05 05 D2 00 00 D2
05 05 C8 00 00 C8
05 05 BE 00 00 BE
05 05 B4 00 00 B4
05 05 AA 00 00 AA
05 05 A0 00 00 A0
05 05 96 00 00 96
05 05 8C 00 00 8C
05 05 82 00 00 82
05 05 78 00 00 78
05 05 6E 00 00 6E
05 05 64 00 00 64
05 05 5A 00 00 5A
05 05 50 00 00 50
05 05 46 00 00 46
05 05 3C 00 00 3C
05 05 32 00 00 32
05 05 28 00 00 28
05 05 1E 00 00 1E
05 05 14 00 00 14
05 05 0A 00 00 0A
05 05 00 00 00 00
05 04 F6 00 00 F7
05 04 EC 00 00 ED
05 04 E2 00 00 E3
05 04 D8 00 00 D9
05 04 CE 00 00 CF
05 04 C4 00 00 C5
05 04 BA 00 00 BB
05 04 B0 00 00 B1
05 04 A6 00 00 A7
05 04 9C 00 00 9D
05 04 92 00 00 93
05 04 88 00 00 89
05 04 7E 00 00 7F
05 04 74 00 00 75
05 04 6A 00 00 6B
05 04 60 00 00 61
05 04 56 00 00 57
05 04 4C 00 00 4D
05 04 42 00 00 43
05 04 38 00 00 39
05 04 2E 00 00 2F
05 04 24 00 00 25
05 04 1A 00 00 1B
05 04 10 00 00 11
05 04 06 00 00 07
05 03 FC 00 00 FA
05 03 F2 00 00 F4
05 03 E8 00 00 EE
05 03 DE 00 00 D8
05 03 D4 00 00 D2
05 03 CA 00 00 CC
05 03 C0 00 00 C6
05 03 B6 00 00 B0
05 03 AC 00 00 AA
05 03 A2 00 00 A4
05 03 98 00 00 9E
05 03 8E 00 00 88
05 03 84 00 00 82
05 03 7A 00 00 7C
05 03 70 00 00 76
05 03 66 00 00 60
05 03 5C 00 00 5A
05 03 52 00 00 54
05 03 48 00 00 4E
05 03 3E 00 00 38
05 03 34 00 00 32
05 03 2A 00 00 2C
05 03 20 00 00 26
05 03 16 00 00 10
05 03 0C 00 00 0A
05 03 02 00 00 04
05 02 F8 00 00 FF
05 02 EE 00 00 E9
05 02 E4 00 00 E3
05 02 DA 00 00 DD
05 02 D0 00 00 D7
05 02 C6 00 00 C1
05 02 BC 00 00 BB
05 02 B2 00 00 B5
05 02 A8 00 00 AF
05 02 9E 00 00 99
05 02 94 00 00 93
05 02 8A 00 00 8D
05 02 80 00 00 87
05 02 76 00 00 71
05 02 6C 00 00 6B
05 02 62 00 00 65
05 02 58 00 00 5F
05 02 4E 00 00 49
05 02 44 00 00 43
05 02 3A 00 00 3D
05 02 30 00 00 37
05 02 26 00 00 21
05 02 1C 00 00 1B
05 02 12 00 00 15
05 02 08 00 00 0F
05 01 FE 00 00 FA
05 01 F4 00 00 F0
05 01 EA 00 00 EE
05 01 E0 00 00 E4
05 01 D6 00 00 D2
05 01 CC 00 00 C8
05 01 C2 00 00 C6
05 01 B8 00 00 BC
05 01 AE 00 00 AA
05 01 A4 00 00 A0
05 01 9A 00 00 9E
05 01 90 00 00 94
05 01 86 00 00 82
05 01 7C 00 00 78
05 01 72 00 00 76
05 01 68 00 00 6C
05 01 5E 00 00 5A
05 01 54 00 00 50
05 01 4A 00 00 4E
05 01 40 00 00 44
05 01 36 00 00 32
05 01 2C 00 00 28
05 01 22 00 00 26
05 01 18 00 00 1C
05 01 0E 00 00 0A
05 01 04 00 00 00
05 00 FA 00 00 FF
05 00 F0 00 00 F5
05 00 E6 00 00 E3
05 00 DC 00 00 D9
05 00 D2 00 00 D7
05 00 C8 00 00 CD
05 00 BE 00 00 BB
05 00 B4 00 00 B1
05 00 AA 00 00 AF
05 00 A0 00 00 A5
05 00 96 00 00 93
05 00 8C 00 00 89
05 00 82 00 00 87
05 00 78 00 00 7D
05 00 6E 00 00 6B
05 00 64 00 00 61
05 00 5A 00 00 5F
05 00 50 00 00 55
05 00 46 00 00 43
05 00 46 00 00 43
05 00 46 00 00 43
05 00 46 00 00 43
05 00 46 00 00 43
05 00 46 00 00 43
05 00 46 00 00 43
05 00 46 00 00 43
05 00 46 00 00 43
05 00 46 00 00 43
05 00 46 00 00 43
05 00 3C 00 00 39
05 00 3C 00 00 39
05 00 3C 00 00 39
05 00 3C 00 00 39
05 00 3C 00 00 39
05 00 3C 00 00 39
05 00 3C 00 00 39
05 00 3C 00 00 39
05 00 3C 00 00 39
05 00 3C 00 00 39
05 00 3C 00 00 39
05 00 32 00 00 37
05 00 32 00 00 37
05 00 32 00 00 37
05 00 32 00 00 37
05 00 32 00 00 37
05 00 32 00 00 37
05 00 32 00 00 37
05 00 32 00 00 37
05 00 32 00 00 37
05 00 32 00 00 37
05 00 28 00 00 2D
05 00 28 00 00 2D
05 00 28 00 00 2D
05 00 28 00 00 2D
05 00 28 00 00 2D
05 00 28 00 00 2D
05 00 1E 00 00 1B
05 00 1E 00 00 1B
05 00 1E 00 00 1B
05 00 1E 00 00 1B
05 00 1E 00 00 1B
05 00 1E 00 00 1B
05 00 1E 00 00 1B
05 00 1E 00 00 1B
05 00 1E 00 00 1B
05 00 14 00 00 11
05 00 14 00 00 11
05 00 14 00 00 11
05 00 14 00 00 11
05 00 14 00 00 11
05 00 14 00 00 11
05 00 0A 00 00 0F
05 00 0A 00 00 0F
05 00 0A 00 00 0F
05 00 0A 00 00 0F
05 00 0A 00 00 0F
05 00 0A 00 00 0F
05 00 0A 00 00 0F
05 00 0A 00 00 0F
05 00 0A 00 00 0F
05 00 0A 00 00 0F
05 00 00 00 00 05
05 00 00 00 00 05
05 00 00 00 00 05
05 00 00 00 00 05
05 00 00 00 00 05
05 00 00 00 00 05
05 00 00 00 00 05
05 00 00 00 00 05
05 00 00 00 00 05
05 00 00 00 00 05
05 00 00 00 00 05
05 00 00 00 00 05
05 00 00 00 00 05
05 00 00 00 00 05
05 00 00 00 00 05
05 00 00 00 00 05
05 00 00 00 00 05
05 00 00 00 00 05
05 00 00 00 00 05
05 00 00 00 00 05
05 00 00 00 00 05
05 00 00 00 00 05
05 00 00 00 00 05
05 00 00 00 00 05
05 00 00 00 00 05
05 00 00 00 00 05
05 00 00 00 00 05
05 00 00 00 00 05
05 00 00 00 00 05
00 00 00 00 00 00
00 00 00 00 00 00
00 00 00 00 00 00
00 00 00 00 00 00
00 00 00 00 00 00
00 00 00 00 00 00
00 00 00 00 00 00
00 00 00 00 00 00
00 00 00 00 00 00
00 00 00 00 00 00
00 00 00 00 00 00
00 00 00 00 00 00
00 00 00 00 00 00
00 00 00 00 00 00
00 00 00 00 00 00
00 00 00 00 00 00
00 00 00 00 00 00
00 00 00 00 00 00
00 00 00 00 00 00
00 00 00 00 00 00
00 00 00 00 00 00
00 00 00 00 00 00
00 00 00 00 00 00
00 00 00 00 00 00
00 00 00 00 00 00
00 00 00 00 00 00
00 00 00 00 00 00
00 00 00 00 00 00
00 00 00 00 00 00
00 00 00 00 00 00
00 00 00 00 00 00
00 00 00 00 00 00
00 00 00 00 00 00
00 00 00 00 00 00
00 00 00 00 00 00
00 00 00 00 00 00
00 00 00 00 00 00
00 00 00 00 00 00
00 00 00 00 00 00
00 00 00 00 00 00
00 00 00 00 00 00
00 00 00 00 00 00
00 00 00 00 00 00
00 00 00 00 00 00
00 00 00 00 00 00
00 00 00 00 00 00
00 00 00 00 00 00
00 00 00 00 00 00
00 00 00 00 00 00
00 00 00 00 00 00
00 00 00 00 00 00
00 00 00 00 00 00
00 00 00 00 00 00
00 00 00 00 00 00
00 00 00 00 00 00
09 00 04 00 00 0D
05 00 00 00 00 05
05 00 00 00 00 05
05 00 00 00 00 05
05 00 00 00 00 05
05 00 00 00 00 05
05 00 00 00 00 05
05 00 00 00 00 05
05 00 00 00 00 05
05 00 00 00 00 05
05 00 00 00 00 05
05 00 00 00 00 05
05 00 00 00 00 05
05 00 00 00 00 05
05 00 00 00 00 05
05 00 00 00 00 05
05 00 00 00 00 05
05 00 00 00 00 05
05 00 00 00 00 05
05 00 00 00 00 05
05 00 00 00 00 05
05 00 00 00 00 05
05 00 00 00 00 05
05 00 00 00 00 05
05 00 00 00 00 05
05 00 00 00 00 05
05 00 00 00 00 05
05 00 00 00 00 05
05 00 00 00 00 05
05 00 00 00 00 05
05 00 00 00 00 05
05 00 00 00 00 05
05 00 00 00 00 05
05 00 00 00 00 05
05 00 00 00 00 05
05 00 00 00 00 05
05 00 00 00 00 05
05 00 00 00 00 05
05 00 00 00 00 05
05 00 00 00 00 05
05 00 00 00 00 05
05 00 00 00 00 05
05 00 00 00 00 05
05 00 00 00 00 05
05 00 00 00 00 05
05 00 00 00 00 05
05 00 00 00 00 05
05 00 00 00 00 05
05 00 00 00 00 05
05 00 00 00 00 05
05 00 00 00 00 05
05 00 00 00 00 05
05 00 00 00 00 05
05 00 00 00 00 05
05 00 00 00 00 05
05 00 00 00 00 05
05 00 00 00 00 05
05 00 00 00 00 05
05 00 00 00 00 05
05 00 00 00 00 05
05 00 00 00 00 05
05 00 00 00 00 05
05 00 00 00 00 05
05 00 00 00 00 05
05 00 00 00 00 05
05 00 00 00 00 05
05 00 00 00 00 05
05 00 00 00 00 05
05 00 00 00 00 05
05 00 00 00 00 05
05 00 00 00 00 05
05 00 00 00 00 05
05 00 00 00 00 05
05 00 00 00 00 05
05 00 00 00 00 05
05 00 00 00 00 05
05 00 00 00 00 05
05 00 00 00 00 05
05 00 00 00 00 05
05 00 00 00 00 05
05 00 00 00 00 05
00 00 00 00 00 00
00 00 00 00 00 00
00 00 00 00 00 00
00 00 00 00 00 00
00 00 00 00 00 00
00 00 00 00 00 00
00 00 00 00 00 00
00 00 00 00 00 00
00 00 00 00 00 00
00 00 00 00 00 00
00 00 00 00 00 00
00 00 00 00 00 00
00 00 00 00 00 00
00 00 00 00 00 00
00 00 00 00 00 00
00 00 00 00 00 00
00 00 00 00 00 00
00 00 00 00 00 00
00 00 00 00 00 00
00 00 00 00 00 00
00 00 00 00 00 00
00 00 00 00 00 00
00 00 00 00 00 00
00 00 00 00 00 00
00 00 00 00 00 00
00 00 00 00 00 00
00 00 00 00 00 00
00 00 00 00 00 00
00 00 00 00 00 00
00 00 00 00 00 00
00 00 00 00 00 00
00 00 00 00 00 00
00 00 00 00 00 00
00 00 00 00 00 00
00 00 00 00 00 00
00 00 00 00 00 00
09 00 04 00 00 0D
05 00 00 00 00 05
05 00 00 00 00 05
05 00 00 00 00 05
05 00 00 00 00 05
05 00 00 00 00 05
05 00 00 00 00 05
05 00 00 00 00 05
05 00 00 00 00 05
05 00 00 00 00 05
05 00 00 00 00 05
05 00 00 00 00 05
05 00 00 00 00 05
05 00 00 00 00 05
05 00 00 00 00 05
05 00 00 00 00 05
05 00 00 00 00 05
05 00 00 00 00 05
05 00 00 00 00 05
05 00 00 00 00 05
05 00 00 00 00 05
05 00 00 00 00 05
05 00 00 00 00 05
05 00 00 00 00 05
05 00 00 00 00 05
05 00 00 00 00 05
05 00 00 00 00 05
05 00 00 00 00 05
05 00 00 00 00 05
05 00 00 00 00 05
05 00 00 00 00 05
05 00 00 00 00 05
05 00 00 00 00 05
05 00 00 00 00 05
05 00 00 00 00 05
05 00 00 00 00 05
05 00 00 00 00 05
05 00 00 00 00 05
05 00 00 00 00 05
05 00 00 00 00 05
05 00 00 00 00 05
05 00 00 00 00 05
05 00 00 00 00 05
05 00 00 00 00 05
05 00 00 00 00 05
05 00 00 00 00 05
05 00 00 00 00 05
05 00 00 00 00 05
05 00 00 00 00 05
05 00 00 00 00 05
05 00 00 00 00 05
05 00 00 00 00 05
05 00 00 00 00 05
05 00 00 00 00 05
05 00 00 00 00 05
05 00 00 00 00 05
05 00 00 00 00 05
05 00 00 00 00 05
05 00 00 00 00 05
05 00 00 00 00 05
05 00 00 00 00 05
05 00 00 00 00 05
05 00 00 00 00 05
05 00 00 00 00 05
05 00 00 00 00 05
05 00 00 00 00 05
05 00 00 00 00 05
05 00 00 00 00 05
05 00 00 00 00 05
05 00 00 00 00 05
05 00 00 00 00 05
05 00 00 00 00 05
05 00 00 00 00 05
05 00 00 00 00 05
05 00 00 00 00 05
05 00 00 00 00 05
05 00 00 00 00 05
05 00 00 00 00 05
05 00 00 00 00 05
05 00 00 00 00 05
01 00 00 00 00 01
01 00 00 00 00 01
01 00 00 00 00 01
01 00 00 00 00 01
01 00 00 00 00 01
01 00 00 00 00 01
01 00 00 00 00 01
01 00 00 00 00 01
01 00 00 00 00 01
01 00 00 00 00 01
01 00 00 00 00 01
01 00 00 00 00 01
01 00 00 00 00 01
01 00 00 00 00 01
01 00 00 00 00 01
01 00 00 00 00 01
01 00 00 00 00 01
01 00 00 00 00 01
01 00 00 00 00 01
01 00 00 00 00 01
01 00 00 00 00 01
01 00 00 00 00 01
01 00 00 00 00 01
01 00 00 00 00 01
01 00 00 00 00 01
01 00 00 00 00 01
01 00 00 00 00 01
01 00 00 00 00 01
01 00 00 00 00 01
01 00 00 00 00 01
01 00 00 00 00 01
01 00 00 00 00 01
01 00 00 00 00 01
01 00 00 00 00 01
01 00 00 00 00 01
01 00 00 00 00 01
01 00 00 00 00 01
01 00 00 00 00 01
01 00 00 00 00 01
01 00 00 00 00 01
01 00 00 00 00 01
01 00 00 00 00 01
01 00 00 00 00 01
01 00 00 00 00 01
01 00 00 00 00 01
01 00 00 00 00 01
01 00 00 00 00 01
01 00 00 00 00 01
01 00 00 00 00 01
01 00 00 00 00 01
01 00 00 00 00 01
01 00 00 00 00 01
01 00 00 00 00 01
01 00 00 00 00 01
01 00 00 00 00 01
01 00 00 00 00 01
01 00 00 00 00 01
01 00 00 00 00 01
01 00 00 00 00 01
01 00 00 00 00 01
01 00 00 00 00 01
01 00 00 00 00 01
01 00 00 00 00 01
01 00 00 00 00 01
01 00 00 00 00 01
00 00 00 00 00 00
00 00 00 00 00 00
00 00 00 00 00 00
00 00 00 00 00 00
00 00 00 00 00 00
00 00 00 00 00 00
00 00 00 00 00 00
00 00 00 00 00 00
00 00 00 00 00 00
00 00 00 00 00 00
00 00 00 00 00 00
00 00 00 00 00 00
00 00 00 00 00 00
00 00 00 00 00 00
00 00 00 00 00 00
00 00 00 00 00 00
00 00 00 00 00 00
00 00 00 00 00 00
00 00 00 00 00 00
00 00 00 00 00 00
00 00 00 00 00 00
00 00 00 00 00 00
00 00 00 00 00 00
00 00 00 00 00 00
00 00 00 00 00 00
00 00 00 00 00 00
00 00 00 00 00 00
00 00 00 00 00 00
00 00 00 00 00 00
00 00 00 00 00 00
00 00 00 00 00 00
00 00 00 00 00 00
00 00 00 00 00 00
00 00 00 00 00 00
00 00 00 00 00 00
00 00 00 00 00 00
00 00 00 00 00 00
00 00 00 00 00 00
00 00 00 00 00 00
00 00 00 00 00 00
00 00 00 00 00 00
00 00 00 00 00 00
00 00 00 00 00 00
00 00 00 00 00 00
00 00 00 00 00 00
00 00 00 00 00 00
00 00 00 00 00 00
00 00 00 00 00 00
00 00 00 00 00 00
00 00 00 00 00 00
00 00 00 00 00 00
00 00 00 00 00 00
00 00 00 00 00 00
00 00 00 00 00 00
00 00 00 00 00 00
00 00 00 00 00 00
00 00 00 00 00 00
00 00 00 00 00 00
00 00 00 00 00 00
00 00 00 02 1C 1E
00 00 00 49 31 78
00 00 00 30 30 00
00 00 00 03 00 03
00 00 00 00 00 00
00 00 00 00 00 00
00 00 00 00 00 00
00 00 00 00 00 00
00 00 00 00 00 00
00 00 00 02 1C 1E
00 00 00 49 37 7E
00 00 00 32 30 02
00 00 00 30 33 03
00 00 00 30 30 00
00 00 00 03 00 03
00 00 00 00 00 00
00 00 00 00 00 00
00 00 00 00 00 00
00 00 00 00 00 00
00 00 00 00 00 00
00 00 00 00 00 00
00 00 00 00 00 00
00 00 00 00 00 00
00 00 00 00 00 00
00 00 00 00 00 00
00 00 00 00 00 00
00 00 00 00 00 00
00 00 00 00 00 00
00 00 00 00 00 00
00 00 00 00 00 00
00 00 00 00 00 00
00 00 00 00 00 00
00 00 00 00 00 00
00 00 00 00 00 00
00 00 00 00 00 00
00 00 00 00 00 00
00 00 00 00 00 00
00 00 00 00 00 00
00 00 00 00 00 00
09 00 04 00 00 0D
05 00 00 00 00 05
05 00 00 00 00 05
05 00 00 00 00 05
05 00 00 00 00 05
05 00 00 00 00 05
05 00 00 00 00 05
05 00 00 00 00 05
05 00 00 00 00 05
05 00 00 00 00 05
05 00 00 00 00 05
05 00 00 00 00 05
05 00 00 00 00 05
05 00 00 00 00 05
05 00 00 00 00 05
05 00 00 00 00 05
05 00 00 00 00 05
05 00 00 00 00 05
05 00 00 00 00 05
05 00 00 00 00 05
05 00 00 00 00 05
05 00 00 00 00 05
05 00 00 00 00 05
05 00 00 00 00 05
05 00 00 00 00 05
05 00 00 00 00 05
05 00 00 00 00 05
05 00 00 00 00 05
05 00 00 00 00 05
05 00 00 00 00 05
05 00 00 00 00 05
05 00 00 00 00 05
05 00 00 00 00 05
05 00 00 00 00 05
05 00 00 00 00 05
05 00 00 00 00 05
05 00 00 00 00 05
05 00 00 00 00 05
05 00 00 00 00 05
05 00 00 00 00 05
05 00 00 00 00 05
05 00 00 00 00 05
05 00 00 00 00 05
05 00 00 00 00 05
05 00 00 00 00 05
05 00 00 00 00 05
05 00 00 00 00 05
05 00 00 00 00 05
05 00 00 00 00 05
05 00 00 00 00 05
05 00 00 00 00 05
05 00 00 00 00 05
05 00 00 00 00 05
05 00 00 00 00 05
05 00 00 00 00 05
05 00 00 00 00 05
05 00 00 00 00 05
05 00 00 00 00 05
05 00 00 00 00 05
05 00 00 00 00 05
05 00 00 00 00 05
05 00 00 00 00 05
05 00 00 00 00 05
05 00 00 00 00 05
05 00 00 00 00 05
05 00 00 00 00 05
05 00 00 00 00 05
05 00 00 00 00 05
05 00 00 00 00 05
05 00 00 00 00 05
05 00 00 00 00 05
05 00 00 00 00 05
05 00 00 00 00 05
05 00 00 00 00 05
05 00 00 00 00 05
05 00 00 00 00 05
05 00 00 00 00 05
05 00 00 00 00 05
05 00 00 00 00 05
05 00 00 00 00 05
05 00 00 00 00 05
05 00 00 00 00 05
05 00 00 00 00 05
05 00 00 00 00 05
0D 00 80 00 00 8D
05 0B AE 00 00 A0
05 0B AE 00 00 A0
05 0B AE 00 00 A0
05 0B AE 00 00 A0
05 0B AE 00 00 A0
05 0B A4 00 00 AA
05 0B 9A 00 00 94
05 0B 90 00 00 9E
05 0B 86 00 00 88
05 0B 7C 00 00 72
05 0B 72 00 00 7C
05 0B 68 00 00 66
05 0B 5E 00 00 50
05 0B 54 00 00 5A
05 0B 4A 00 00 44
05 0B 40 00 00 4E
05 0B 36 00 00 38
05 0B 2C 00 00 22
05 0B 22 00 00 2C
05 0B 18 00 00 16
05 0B 0E 00 00 00
05 0B 04 00 00 0A
05 0A FA 00 00 F5
05 0A F0 00 00 FF
05 0A E6 00 00 E9
05 0A DC 00 00 D3
05 0A D2 00 00 DD
05 0A C8 00 00 C7
05 0A BE 00 00 B1
05 0A B4 00 00 BB
05 0A AA 00 00 A5
05 0A A0 00 00 AF
05 0A 96 00 00 99
05 0A 8C 00 00 83
05 0A 82 00 00 8D
05 0A 78 00 00 77
05 0A 6E 00 00 61
05 0A 64 00 00 6B
05 0A 5A 00 00 55
05 0A 50 00 00 5F
05 0A 46 00 00 49
05 0A 3C 00 00 33
05 0A 32 00 00 3D
05 0A 28 00 00 27
05 0A 1E 00 00 11
05 0A 14 00 00 1B
05 0A 0A 00 00 05
05 0A 00 00 00 0F
05 09 F6 00 00 FA
05 09 EC 00 00 E0
05 09 E2 00 00 EE
05 09 D8 00 00 D4
05 09 CE 00 00 C2
05 09 C4 00 00 C8
05 09 BA 00 00 B6
05 00 00 00 00 05
05 00 00 00 00 05
05 00 00 00 00 05
05 00 00 00 00 05
05 00 00 00 00 05
05 00 00 00 00 05
05 00 00 00 00 05
05 00 00 00 00 05
05 00 00 00 00 05
05 00 00 00 00 05
05 00 00 00 00 05
05 00 00 00 00 05
05 00 00 00 00 05
05 00 00 00 00 05
05 00 00 00 00 05
05 00 00 00 00 05
05 00 00 00 00 05
05 00 00 00 00 05
05 00 00 00 00 05
05 00 00 00 00 05
05 00 00 00 00 05
05 00 00 00 00 05
05 00 00 00 00 05
05 00 00 00 00 05
05 00 00 00 00 05
05 00 00 00 00 05
05 00 00 00 00 05
05 00 00 00 00 05
05 00 00 00 00 05
05 00 00 00 00 05
05 00 00 00 00 05
05 00 00 00 00 05
05 00 00 00 00 05
05 00 00 00 00 05
05 00 00 00 00 05
05 00 00 00 00 05
05 00 00 00 00 05
05 00 00 00 00 05
05 00 00 00 00 05
05 00 00 00 00 05
05 00 00 00 00 05
05 00 00 00 00 05
05 00 00 00 00 05
05 00 00 00 00 05
05 00 00 00 00 05
05 00 00 00 00 05
05 00 00 00 00 05
05 00 00 00 00 05
05 00 00 00 00 05
05 00 00 00 00 05
05 00 00 00 00 05
05 00 00 00 00 05
05 00 00 00 00 05
05 00 00 00 00 05
05 00 00 00 00 05
05 00 00 00 00 05
05 00 00 00 00 05
05 00 00 00 00 05
05 00 00 00 00 05
05 00 00 00 00 05
05 00 00 00 00 05
05 00 00 00 00 05
05 00 00 00 00 05
05 00 00 00 00 05
05 00 00 00 00 05
05 00 00 00 00 05
05 00 00 00 00 05
05 00 00 00 00 05
05 00 00 00 00 05
05 00 00 00 00 05
05 00 00 00 00 05
05 00 00 00 00 05
05 00 00 00 00 05
05 00 00 00 00 05
05 00 00 00 00 05
05 00 00 00 00 05
05 00 00 00 00 05
05 00 00 00 00 05
05 00 00 00 00 05
05 00 00 00 00 05
05 00 00 00 00 05
05 00 00 00 00 05
05 00 00 00 00 05
05 00 00 00 00 05
05 00 00 00 00 05
05 00 00 00 00 05
05 00 00 00 00 05
05 00 00 00 00 05
05 00 00 00 00 05
05 00 00 00 00 05
05 00 00 00 00 05
05 00 00 00 00 05
05 00 00 00 00 05
05 00 00 00 00 05
05 00 00 00 00 05
05 00 00 00 00 05
05 00 00 00 00 05
05 00 00 00 00 05
05 00 00 00 00 05
05 00 00 00 00 05
05 00 00 00 00 05
05 00 00 00 00 05
05 00 00 00 00 05
05 00 00 00 00 05
05 00 00 00 00 05
05 00 00 00 00 05
05 00 00 00 00 05
05 00 00 00 00 05
05 00 00 00 00 05
05 00 00 00 00 05
05 00 00 00 00 05
05 00 00 00 00 05
05 00 00 00 00 05
05 00 00 00 00 05
05 00 00 00 00 05
05 00 00 00 00 05
05 00 00 00 00 05
05 00 00 00 00 05
05 00 00 00 00 05
05 00 00 00 00 05
05 00 00 00 00 05
05 00 00 00 00 05
05 00 00 00 00 05
05 00 00 00 00 05
05 00 00 00 00 05
05 00 00 00 00 05
05 00 00 00 00 05
05 00 00 00 00 05
05 00 00 00 00 05
05 00 00 00 00 05
05 00 00 00 00 05
05 00 00 00 00 05
05 00 00 00 00 05
05 00 00 00 00 05
05 00 00 00 00 05
05 00 00 00 00 05
05 00 00 00 00 05
05 00 00 00 00 05
05 00 00 00 00 05
05 00 00 00 00 05
05 00 00 00 00 05
05 00 00 00 00 05
05 00 00 00 00 05
05 00 00 00 00 05
05 00 00 00 00 05
05 00 00 00 00 05
05 00 00 00 00 05
05 00 00 00 00 05
05 00 00 00 00 05
05 00 00 00 00 05
05 00 00 00 00 05
05 00 00 00 00 05
0D 00 80 00 00 8D
05 0B AE 00 00 A0
05 0B A4 00 00 AA
05 0B 9A 00 00 94
05 0B 90 00 00 9E
05 0B 86 00 00 88
05 0B 7C 00 00 72
05 0B 72 00 00 7C
05 0B 68 00 00 66
05 0B 5E 00 00 50
05 0B 54 00 00 5A
05 0B 4A 00 00 44
05 0B 40 00 00 4E
05 0B 36 00 00 38
05 0B 2C 00 00 22
05 0B 22 00 00 2C
05 0B 18 00 00 16
05 0B 0E 00 00 00
05 0B 04 00 00 0A
05 0A FA 00 00 F5
05 0A F0 00 00 FF
05 0A E6 00 00 E9
05 0A DC 00 00 D3
05 0A D2 00 00 DD
05 0A C8 00 00 C7
05 0A BE 00 00 B1
05 0A B4 00 00 BB
05 0A AA 00 00 A5
05 0A A0 00 00 AF
05 0A 96 00 00 99
05 0A 8C 00 00 83
05 0A 82 00 00 8D
05 0A 78 00 00 77
05 0A 6E 00 00 61
05 0A 64 00 00 6B
05 0A 5A 00 00 55
05 0A 50 00 00 5F
05 0A 46 00 00 49
05 0A 3C 00 00 33
05 0A 32 00 00 3D
05 0A 28 00 00 27
05 0A 1E 00 00 11
05 0A 14 00 00 1B
05 0A 0A 00 00 05
05 0A 00 00 00 0F
05 09 F6 00 00 FA
05 09 EC 00 00 E0
05 09 E2 00 00 EE
05 09 D8 00 00 D4
05 09 CE 00 00 C2
05 09 C4 00 00 C8
05 09 BA 00 00 B6
05 09 BA 00 00 B6
05 09 BA 00 00 B6
05 09 BA 00 00 B6
05 09 BA 00 00 B6
05 09 BA 00 00 B6
05 09 BA 00 00 B6
05 09 BA 00 00 B6
05 09 BA 00 00 B6
05 09 BA 00 00 B6
05 00 00 00 00 05
05 00 00 00 00 05
05 00 00 00 00 05
05 00 00 00 00 05
05 00 00 00 00 05
05 00 00 00 00 05
05 00 00 00 00 05
05 00 00 00 00 05
05 00 00 00 00 05
05 00 00 00 00 05
05 00 00 00 00 05
05 00 00 00 00 05
05 00 00 00 00 05
05 00 00 00 00 05
05 00 00 00 00 05
05 00 00 00 00 05
05 00 00 00 00 05
05 00 00 00 00 05
05 00 00 00 00 05
05 00 00 00 00 05
05 00 00 00 00 05
05 00 00 00 00 05
05 00 00 00 00 05
05 00 00 00 00 05
05 00 00 00 00 05
05 00 00 00 00 05
05 00 00 00 00 05
05 00 00 00 00 05
05 00 00 00 00 05
05 00 00 00 00 05
05 00 00 00 00 05
05 00 00 00 00 05
05 00 00 00 00 05
05 00 00 00 00 05
05 00 00 00 00 05
05 00 00 00 00 05
05 00 00 00 00 05
05 00 00 00 00 05
05 00 00 00 00 05
05 00 00 00 00 05
05 00 00 00 00 05
05 00 00 00 00 05
05 00 00 00 00 05
05 00 00 00 00 05
05 00 00 00 00 05
05 00 00 00 00 05
05 00 00 00 00 05
05 00 00 00 00 05
05 00 00 00 00 05
05 00 00 00 00 05
05 00 00 00 00 05
05 00 00 00 00 05
05 00 00 00 00 05
05 00 00 00 00 05
05 00 00 00 00 05
05 00 00 00 00 05
05 00 00 00 00 05
05 00 00 00 00 05
05 00 00 00 00 05
05 00 00 00 00 05
00 00 00 00 00 00
00 00 00 00 00 00
00 00 00 00 00 00
00 00 00 00 00 00
00 00 00 00 00 00
00 00 00 00 00 00
00 00 00 00 00 00
00 00 00 00 00 00
00 00 00 00 00 00
00 00 00 00 00 00
00 00 00 00 00 00
00 00 00 00 00 00
00 00 00 00 00 00
00 00 00 00 00 00
00 00 00 00 00 00
00 00 00 00 00 00
00 00 00 00 00 00
00 00 00 00 00 00
00 00 00 00 00 00
00 00 00 00 00 00
00 00 00 00 00 00
00 00 00 00 00 00
00 00 00 00 00 00
00 00 00 00 00 00
00 00 00 00 00 00
00 00 00 00 00 00
00 00 00 00 00 00
00 00 00 00 00 00
00 00 00 00 00 00
00 00 00 00 00 00
00 00 00 00 00 00
00 00 00 00 00 00
00 00 00 00 00 00
